{
  "kept_blocks": [
    1,
    2,
    3,
    4,
    5,
    6,
    7,
    8,
    9,
    10,
    11,
    12,
    13,
    14,
    15,
    16,
    17,
    18,
    19,
    20,
    21,
    22,
    23,
    24,
    25,
    26,
    27,
    28,
    29,
    30,
    31,
    32
  ],
  "signatures": [
    "(+I,+I,+I)",
    "(+I,+I,-I)",
    "(+I,-I,+I)",
    "(+I,-I,-I)",
    "(-I,+I,+I)",
    "(-I,+I,-I)",
    "(-I,-I,+I)",
    "(-I,-I,-I)"
  ],
  "signature_to_blocks": {
    "(+I,+I,+I)": [
      25,
      26,
      27,
      30,
      31,
      32
    ],
    "(+I,+I,-I)": [
      18,
      20,
      23,
      24
    ],
    "(+I,-I,+I)": [
      28,
      29
    ],
    "(+I,-I,-I)": [
      10,
      11,
      12,
      13,
      14,
      16,
      17
    ],
    "(-I,+I,+I)": [
      21,
      22
    ],
    "(-I,+I,-I)": [
      5,
      7,
      8
    ],
    "(-I,-I,+I)": [
      15,
      19
    ],
    "(-I,-I,-I)": [
      1,
      2,
      3,
      4,
      6,
      9
    ]
  },
  "directed_quotient_matrix": [
    [
      22.221659597959327,
      1.7963227660012866,
      4.1605786690036595e-14,
      16.273818633055292,
      1.0068355073616677,
      3.255571059997959,
      2.248730770607526,
      7.932285725794767
    ],
    [
      3.7596033910710833,
      13.817438391292878,
      2.003995014878158,
      8.727726568936664,
      4.5266762858549077e-13,
      4.15133413339673,
      1.3359454882535764,
      1.036974477912083
    ],
    [
      4.229373666632692e-14,
      2.446256411318606,
      6.949892441988132,
      1.1593592732627136,
      1.1876397804314738e-14,
      1.4238647213387025e-14,
      1.1392764843143955e-14,
      2.437599525998133e-14
    ],
    [
      13.337219046101207,
      9.366127474331424,
      1.51897539509562,
      25.988591038896107,
      5.257220436312064,
      6.04204310178144,
      9.452517715002469e-14,
      9.305869641550261
    ],
    [
      1.1869100588984973,
      4.542431423521382e-13,
      1.2023732421171222e-14,
      5.387167417307145,
      7.937319890711258,
      1.2582276756487707e-13,
      1.392609416744958e-14,
      3.558735292408301
    ],
    [
      2.434974719540513,
      3.2122959888622775,
      1.1195688719757085e-14,
      6.904223252907333,
      1.338570152330647e-13,
      11.612652372978184,
      4.056058500354657,
      4.171887093750349
    ],
    [
      2.6423278716818617,
      2.5204900236672776,
      1.2087599117700714e-14,
      8.493823046339121e-14,
      1.5029921160588063e-14,
      2.844967543519554,
      4.3542386840024285,
      5.971455451791475
    ],
    [
      9.780313581729759,
      1.5271700663335523,
      3.1278719305256585e-14,
      8.268534140098252,
      4.160968558058049,
      4.168335705234423,
      6.63390718009879,
      27.149434619531124
    ]
  ],
  "symmetrized_quotient_matrix": [
    [
      22.221659597959327,
      5.55592615707237,
      8.389952335636351e-14,
      29.6110376791565,
      2.193745566260165,
      5.690545779538471,
      4.891058642289387,
      17.712599307524528
    ],
    [
      5.55592615707237,
      13.817438391292878,
      4.450251426196764,
      18.093854043268088,
      9.06910770937629e-13,
      7.363630122259008,
      3.856435511920854,
      2.5641445442456354
    ],
    [
      8.389952335636351e-14,
      4.450251426196764,
      6.949892441988132,
      2.6783346683583336,
      2.3900130225485962e-14,
      2.5434335933144108e-14,
      2.348036396084467e-14,
      5.5654714565237915e-14
    ],
    [
      29.6110376791565,
      18.093854043268088,
      2.6783346683583336,
      25.988591038896107,
      10.64438785361921,
      12.946266354688774,
      1.7946340761341592e-13,
      17.574403781648513
    ],
    [
      2.193745566260165,
      9.06910770937629e-13,
      2.3900130225485962e-14,
      10.64438785361921,
      7.937319890711258,
      2.596797827979418e-13,
      2.895601532803764e-14,
      7.719703850466351
    ],
    [
      5.690545779538471,
      7.363630122259008,
      2.5434335933144108e-14,
      12.946266354688774,
      2.596797827979418e-13,
      11.612652372978184,
      6.901026043874211,
      8.340222798984772
    ],
    [
      4.891058642289387,
      3.856435511920854,
      2.348036396084467e-14,
      1.7946340761341592e-13,
      2.895601532803764e-14,
      6.901026043874211,
      4.3542386840024285,
      12.605362631890266
    ],
    [
      17.712599307524528,
      2.5641445442456354,
      5.5654714565237915e-14,
      17.574403781648513,
      7.719703850466351,
      8.340222798984772,
      12.605362631890266,
      27.149434619531124
    ]
  ],
  "directed_by_operator": {
    "F": [
      [
        5.840560071368687,
        0.7621715411827639,
        1.079108068883266e-14,
        6.581848955762647,
        0.47909658244297604,
        1.2036403822726434,
        0.8884465654053095,
        2.76415725144482
      ],
      [
        1.6297927896644748,
        4.4781777999078844,
        0.09233282918834435,
        4.429338421768263,
        1.847685273658016e-13,
        0.5573750650187814,
        0.5585556241273488,
        0.032116176398690674
      ],
      [
        1.1219783176913651e-14,
        1.0119903621936768,
        2.3323071107149254,
        0.4481442508452026,
        5.2100498606070225e-15,
        5.195325364477059e-15,
        4.451873452238661e-15,
        7.126958847120355e-15
      ],
      [
        5.716564130406907,
        4.356737433432274,
        1.1029199478623262,
        7.630064792472662,
        2.2454626440626995,
        0.9449864713196383,
        3.679199658637178e-14,
        1.6241107325120194
      ],
      [
        0.6705049322194782,
        1.8735802138419272e-13,
        4.580569797856245e-15,
        1.7687341847898845,
        2.090726128412666,
        1.6061911101796886e-14,
        4.917889126792614e-15,
        2.2526469250143797
      ],
      [
        0.47455147303839645,
        0.37556832466384243,
        3.39854251392949e-15,
        1.7475340440992213,
        2.5254139918964622e-14,
        4.678041513546793,
        1.0276882358830512,
        2.4903647609785047
      ],
      [
        1.2472574058954398,
        0.6606782518268021,
        3.8051170140968035e-15,
        3.575811495402435e-14,
        5.569837156875561e-15,
        0.965210724650209,
        1.6865796126498651,
        2.0970972638809204
      ],
      [
        3.583363282023961,
        0.2019016261807175,
        1.1159251728926828e-14,
        1.5038055766481955,
        2.013920282219778,
        2.498847459177611,
        2.45607640331163,
        9.21928913711917
      ]
    ],
    "S": [
      [
        7.162908177990086,
        0.2573324984593275,
        2.5546580809424164e-14,
        5.49610122366963,
        0.41185080045802464,
        0.9396921611785121,
        0.7988479434995,
        2.842946077076393
      ],
      [
        0.2573324984593276,
        6.388345971531003,
        1.421861922606691,
        1.2311692396364193,
        5.377338074493915e-14,
        0.49658297186931316,
        0.47265592000418705,
        0.15062468885745034
      ],
      [
        2.5561200862110666e-14,
        1.4218619226066909,
        1.976474767677936,
        0.15749825754455873,
        5.584259337198963e-15,
        4.453446631406e-15,
        4.9666723125195644e-15,
        8.645466725004038e-15
      ],
      [
        5.496101223669628,
        1.2311692396364193,
        0.15749825754455873,
        10.813589020765233,
        2.615994195914126,
        2.0398530013010383,
        2.164668189276326e-14,
        0.4639249039724262
      ],
      [
        0.41185080045802464,
        5.375759151185231e-14,
        5.57810868366678e-15,
        2.6159941959141255,
        2.291369210220429,
        1.0454050746658437e-14,
        5.737785410074503e-15,
        1.2306210953422252
      ],
      [
        0.9396921611785121,
        0.4965829718693131,
        4.466309538139627e-15,
        2.0398530013010383,
        1.0434673920844492e-14,
        4.175979177968861,
        1.6568681981912594,
        0.19860320007791277
      ],
      [
        0.7988479434995,
        0.47265592000418705,
        4.988760957241156e-15,
        2.167901911135435e-14,
        5.791137702669822e-15,
        1.6568681981912594,
        0.35820959489205517,
        2.436798724059476
      ],
      [
        2.8429460770763932,
        0.1506246888574504,
        8.649442385100035e-15,
        0.4639249039724264,
        1.2306210953422256,
        0.1986032000779128,
        2.436798724059476,
        10.75237709525691
      ]
    ],
    "V": [
      [
        9.218191348600573,
        0.7768187263591955,
        5.268125191779772e-15,
        4.195868453623028,
        0.11588812446066658,
        1.112238516546805,
        0.5614362617027167,
        2.325182397273555
      ],
      [
        1.8724781029472812,
        2.9509146198539944,
        0.48980026308312274,
        3.067218907531985,
        2.1412572047474998e-13,
        3.097376096508636,
        0.3047339441220411,
        0.8542336126559421
      ],
      [
        5.512752627302598e-15,
        0.012404126518238379,
        2.641110563595271,
        0.5537167648729517,
        1.0820886065087518e-15,
        4.5898752175039664e-15,
        1.9742190783857284e-15,
        8.603569687856937e-15
      ],
      [
        2.1245536920246786,
        3.778220801262734,
        0.25855718968873426,
        7.544937225658247,
        0.39576359633524,
        3.057203629160762,
        3.6086498670889635e-14,
        7.217834005065814
      ],
      [
        0.10455432622099459,
        2.1312752945609323e-13,
        1.865053939648198e-15,
        1.0024390366031355,
        3.5552245520781636,
        9.930680571642177e-14,
        3.270419630582464e-15,
        0.07546727205169655
      ],
      [
        1.0207310853236038,
        2.3401446923291216,
        3.3308366676879687e-15,
        3.116836207507075,
        9.81682013932556e-14,
        2.7586316814625267,
        1.3715020662803465,
        1.4829191326939324
      ],
      [
        0.5962225222869217,
        1.3871558518362888,
        3.2937211463627556e-15,
        2.7501096398012507e-14,
        3.6689463010426805e-15,
        0.2228886206780852,
        2.3094494764605082,
        1.4375594638510802
      ],
      [
        3.3540042226294084,
        1.1746437512953847,
        1.1470025191229713e-14,
        6.3008036594776335,
        0.9164271804960444,
        1.4708850459789007,
        1.7410320527276837,
        7.177768387155068
      ]
    ]
  },
  "transition_matrix": [
    [
      0.40598462834982546,
      0.03281840527420978,
      7.601281880903169e-16,
      0.2973189369789531,
      0.018394653984492325,
      0.05947853719175389,
      0.04108379584069192,
      0.14492104238007275
    ],
    [
      0.10793217655543808,
      0.3966764695272917,
      0.05753147905859987,
      0.250559015667259,
      1.2995360767429658e-14,
      0.11917813716482012,
      0.03835284983758535,
      0.029769872188992828
    ],
    [
      4.006793056211875e-15,
      0.23175164871135548,
      0.6584138213578149,
      0.10983452993081962,
      1.125137479115793e-15,
      1.3489305339594727e-15,
      1.0793194137634091e-15,
      2.3093151904856053e-15
    ],
    [
      0.18833611553024748,
      0.132259960639423,
      0.021449593390457173,
      0.366987320778892,
      0.07423770068098899,
      0.08532025482392373,
      1.334798852947404e-15,
      0.13140905415606632
    ],
    [
      0.06568352769042597,
      2.5137786806324747e-14,
      6.65392592730408e-16,
      0.2981255046031377,
      0.4392507814055748,
      6.963024009673844e-15,
      7.706691716102298e-16,
      0.19694018630082802
    ],
    [
      0.07517188840175287,
      0.09916914276371644,
      3.4563030830199164e-16,
      0.21314533399602392,
      4.132397979388656e-15,
      0.3585026987034157,
      0.1252175533868283,
      0.12879338274825836
    ],
    [
      0.14412582515615965,
      0.13748017736636603,
      6.593183289879164e-16,
      4.632957432738399e-15,
      8.198073420475926e-16,
      0.15517880999804123,
      0.23750203371214307,
      0.325713153767284
    ],
    [
      0.1585431256112042,
      0.02475608922281297,
      5.070416078513745e-16,
      0.13403652509087305,
      0.06745110524848778,
      0.06757052989989794,
      0.10753851300966734,
      0.44010411191705623
    ]
  ],
  "stationary_distribution": {
    "(+I,+I,+I)": 0.18469577979152366,
    "(+I,+I,-I)": 0.11602945140978278,
    "(+I,-I,+I)": 0.03487257335657935,
    "(+I,-I,-I)": 0.24413717421141737,
    "(-I,+I,+I)": 0.06152320700827906,
    "(-I,+I,-I)": 0.1060115620245386,
    "(-I,-I,+I)": 0.060331732090105,
    "(-I,-I,-I)": 0.19239852010777428
  }
}