================================================================================
THALION RESIDUAL SLOT PATTERN
================================================================================
internal vertices: 60
internal edges:    120
lambda_1:          2.821023449
first block:       [1, 2]

FACE -> SLOT ORDERING
--------------------------------------------------------------------------------
face  0: [19, 24, 31, 35, 57]
face  1: [8, 10, 11, 41, 49]
face  2: [14, 23, 27, 47, 50]
face  3: [5, 25, 42, 43, 58]
face  4: [3, 16, 18, 39, 59]
face  5: [21, 29, 34, 36, 55]
face  6: [1, 9, 15, 38, 51]
face  7: [12, 22, 30, 48, 52]
face  8: [4, 20, 37, 44, 56]
face  9: [0, 13, 17, 40, 46]
face 10: [2, 26, 32, 53, 54]
face 11: [6, 7, 28, 33, 45]

PHASE 00 theta=0.000000000
--------------------------------------------------------------------------------
slot means / stddev:
  slot 0: mean=+0.016649310301 std=0.072024317142
  slot 1: mean=-0.001318441370 std=0.038725909591
  slot 2: mean=+0.018691763127 std=0.104663663164
  slot 3: mean=-0.000760666611 std=0.071759124791
  slot 4: mean=-0.033261965447 std=0.063522505984
per-face residuals by slot:
  face  0: -0.081025168019 -0.105534603954 +0.198277119402 -0.010202741813 -0.001514605616
  face  1: +0.000000002918 -0.000000001192 -0.000000001553 -0.000000000150 -0.000000000022
  face  2: +0.081025168019 +0.010202741813 +0.001514605616 +0.105534603954 -0.198277119402
  face  3: +0.000000000150 +0.000000001553 -0.000000002918 +0.000000000022 +0.000000001192
  face  4: -0.081025168019 -0.010202741813 +0.198277119402 -0.001514605616 -0.105534603954
  face  5: -0.000000001553 +0.000000002918 -0.000000000150 -0.000000000022 -0.000000001192
  face  6: +0.081025168019 +0.010202741813 +0.105534603954 -0.198277119402 +0.001514605616
  face  7: +0.000000001553 -0.000000002918 +0.000000000022 +0.000000001192 +0.000000000150
  face  8: +0.198277119402 -0.001514605616 -0.081025168019 -0.010202741813 -0.105534603954
  face  9: -0.000000001553 +0.000000002918 -0.000000000022 -0.000000001192 -0.000000000150
  face 10: +0.001514605616 +0.081025168019 -0.198277119402 +0.105534603954 +0.010202741813
  face 11: -0.000000002918 +0.000000000022 +0.000000001192 +0.000000001553 +0.000000000150

PHASE 01 theta=0.523598776
--------------------------------------------------------------------------------
slot means / stddev:
  slot 0: mean=+0.010446564631 std=0.079534502303
  slot 1: mean=+0.008204077996 std=0.062327643138
  slot 2: mean=+0.006479654191 std=0.098112278445
  slot 3: mean=+0.003313404319 std=0.066025190438
  slot 4: mean=-0.028443701138 std=0.057681494843
per-face residuals by slot:
  face  0: -0.070169853254 -0.091395647226 +0.171713020932 -0.008835833523 -0.001311686929
  face  1: +0.099138562228 -0.040512585042 -0.052767303322 -0.005101371036 -0.000757302828
  face  2: +0.070169853254 +0.008835833523 +0.001311686929 +0.091395647226 -0.171713020932
  face  3: +0.005101371036 +0.052767303322 -0.099138562228 +0.000757302828 +0.040512585042
  face  4: -0.070169853254 -0.008835833523 +0.171713020932 -0.001311686929 -0.091395647226
  face  5: -0.052767303322 +0.099138562228 -0.005101371036 -0.000757302828 -0.040512585042
  face  6: +0.070169853254 +0.008835833523 +0.091395647226 -0.171713020932 +0.001311686929
  face  7: +0.052767303322 -0.099138562228 +0.000757302828 +0.040512585042 +0.005101371036
  face  8: +0.171713020932 -0.001311686929 -0.070169853254 -0.008835833523 -0.091395647226
  face  9: -0.052767303322 +0.099138562228 -0.000757302828 -0.040512585042 -0.005101371036
  face 10: +0.001311686929 +0.070169853254 -0.171713020932 +0.091395647226 +0.008835833523
  face 11: -0.099138562228 +0.000757302828 +0.040512585042 +0.052767303322 +0.005101371036

PHASE 02 theta=1.047197551
--------------------------------------------------------------------------------
slot means / stddev:
  slot 0: mean=+0.001444670405 std=0.091504713265
  slot 1: mean=+0.015528321289 std=0.092801553058
  slot 2: mean=-0.007468672853 std=0.079627291814
  slot 3: mean=+0.006499651238 std=0.052619071317
  slot 4: mean=-0.016003970078 std=0.043238128611
per-face residuals by slot:
  face  0: -0.040512582977 -0.052767300632 +0.099138557174 -0.005101370776 -0.000757302789
  face  1: +0.171713023850 -0.070169854447 -0.091395648779 -0.008835833673 -0.001311686952
  face  2: +0.040512582977 +0.005101370776 +0.000757302789 +0.052767300632 -0.099138557174
  face  3: +0.008835833673 +0.091395648779 -0.171713023850 +0.001311686952 +0.070169854447
  face  4: -0.040512582977 -0.005101370776 +0.099138557174 -0.000757302789 -0.052767300632
  face  5: -0.091395648779 +0.171713023850 -0.008835833673 -0.001311686952 -0.070169854447
  face  6: +0.040512582977 +0.005101370776 +0.052767300632 -0.099138557174 +0.000757302789
  face  7: +0.091395648779 -0.171713023850 +0.001311686952 +0.070169854447 +0.008835833673
  face  8: +0.099138557174 -0.000757302789 -0.040512582977 -0.005101370776 -0.052767300632
  face  9: -0.091395648779 +0.171713023850 -0.001311686952 -0.070169854447 -0.008835833673
  face 10: +0.000757302789 +0.040512582977 -0.099138557174 +0.052767300632 +0.005101370776
  face 11: -0.171713023850 +0.001311686952 +0.070169854447 +0.091395648779 +0.008835833673

PHASE 03 theta=1.570796327
--------------------------------------------------------------------------------
slot means / stddev:
  slot 0: mean=-0.007944322090 std=0.096344451038
  slot 1: mean=+0.018691763432 std=0.104663663110
  slot 2: mean=-0.019415775038 std=0.066207667431
  slot 3: mean=+0.007944321856 std=0.044365006237
  slot 4: mean=+0.000724011839 std=0.033464467772
per-face residuals by slot:
  face  0: +0.000000001192 +0.000000001553 -0.000000002918 +0.000000000150 +0.000000000022
  face  1: +0.198277119402 -0.081025168019 -0.105534603954 -0.010202741813 -0.001514605616
  face  2: -0.000000001192 -0.000000000150 -0.000000000022 -0.000000001553 +0.000000002918
  face  3: +0.010202741813 +0.105534603954 -0.198277119402 +0.001514605616 +0.081025168019
  face  4: +0.000000001192 +0.000000000150 -0.000000002918 +0.000000000022 +0.000000001553
  face  5: -0.105534603954 +0.198277119402 -0.010202741813 -0.001514605616 -0.081025168019
  face  6: -0.000000001192 -0.000000000150 -0.000000001553 +0.000000002918 -0.000000000022
  face  7: +0.105534603954 -0.198277119402 +0.001514605616 +0.081025168019 +0.010202741813
  face  8: -0.000000002918 +0.000000000022 +0.000000001192 +0.000000000150 +0.000000001553
  face  9: -0.105534603954 +0.198277119402 -0.001514605616 -0.081025168019 -0.010202741813
  face 10: -0.000000000022 -0.000000001192 +0.000000002918 -0.000000001553 -0.000000000150
  face 11: -0.198277119402 +0.001514605616 +0.081025168019 +0.105534603954 +0.010202741813

PHASE 04 theta=2.094395102
--------------------------------------------------------------------------------
slot means / stddev:
  slot 0: mean=-0.015204639897 std=0.090244215598
  slot 1: mean=+0.016846762659 std=0.092571287936
  slot 2: mean=-0.026160435980 std=0.075577234879
  slot 3: mean=+0.007260317849 std=0.052519520149
  slot 4: mean=+0.017257995369 std=0.042753064479
per-face residuals by slot:
  face  0: +0.040512585042 +0.052767303322 -0.099138562228 +0.005101371036 +0.000757302828
  face  1: +0.171713020932 -0.070169853254 -0.091395647226 -0.008835833523 -0.001311686929
  face  2: -0.040512585042 -0.005101371036 -0.000757302828 -0.052767303322 +0.099138562228
  face  3: +0.008835833523 +0.091395647226 -0.171713020932 +0.001311686929 +0.070169853254
  face  4: +0.040512585042 +0.005101371036 -0.099138562228 +0.000757302828 +0.052767303322
  face  5: -0.091395647226 +0.171713020932 -0.008835833523 -0.001311686929 -0.070169853254
  face  6: -0.040512585042 -0.005101371036 -0.052767303322 +0.099138562228 -0.000757302828
  face  7: +0.091395647226 -0.171713020932 +0.001311686929 +0.070169853254 +0.008835833523
  face  8: -0.099138562228 +0.000757302828 +0.040512585042 +0.005101371036 +0.052767303322
  face  9: -0.091395647226 +0.171713020932 -0.001311686929 -0.070169853254 -0.008835833523
  face 10: -0.000757302828 -0.040512585042 +0.099138562228 -0.052767303322 -0.005101371036
  face 11: -0.171713020932 +0.001311686929 +0.070169853254 +0.091395647226 +0.008835833523

PHASE 05 theta=2.617993878
--------------------------------------------------------------------------------
slot means / stddev:
  slot 0: mean=-0.018390886721 std=0.078081002529
  slot 1: mean=+0.010487685436 std=0.061984273806
  slot 2: mean=-0.025895429228 std=0.094854794355
  slot 3: mean=+0.004630917537 std=0.065945880105
  slot 4: mean=+0.029167712977 std=0.057318789275
per-face residuals by slot:
  face  0: +0.070169854447 +0.091395648779 -0.171713023850 +0.008835833673 +0.001311686952
  face  1: +0.099138557174 -0.040512582977 -0.052767300632 -0.005101370776 -0.000757302789
  face  2: -0.070169854447 -0.008835833673 -0.001311686952 -0.091395648779 +0.171713023850
  face  3: +0.005101370776 +0.052767300632 -0.099138557174 +0.000757302789 +0.040512582977
  face  4: +0.070169854447 +0.008835833673 -0.171713023850 +0.001311686952 +0.091395648779
  face  5: -0.052767300632 +0.099138557174 -0.005101370776 -0.000757302789 -0.040512582977
  face  6: -0.070169854447 -0.008835833673 -0.091395648779 +0.171713023850 -0.001311686952
  face  7: +0.052767300632 -0.099138557174 +0.000757302789 +0.040512582977 +0.005101370776
  face  8: -0.171713023850 +0.001311686952 +0.070169854447 +0.008835833673 +0.091395648779
  face  9: -0.052767300632 +0.099138557174 -0.000757302789 -0.040512582977 -0.005101370776
  face 10: -0.001311686952 -0.070169854447 +0.171713023850 -0.091395648779 -0.008835833673
  face 11: -0.099138557174 +0.000757302789 +0.040512582977 +0.052767300632 +0.005101370776

PHASE 06 theta=3.141592654
--------------------------------------------------------------------------------
slot means / stddev:
  slot 0: mean=-0.016649310301 std=0.072024317142
  slot 1: mean=+0.001318441370 std=0.038725909591
  slot 2: mean=-0.018691763127 std=0.104663663164
  slot 3: mean=+0.000760666611 std=0.071759124791
  slot 4: mean=+0.033261965447 std=0.063522505984
per-face residuals by slot:
  face  0: +0.081025168019 +0.105534603954 -0.198277119402 +0.010202741813 +0.001514605616
  face  1: -0.000000002918 +0.000000001192 +0.000000001553 +0.000000000150 +0.000000000022
  face  2: -0.081025168019 -0.010202741813 -0.001514605616 -0.105534603954 +0.198277119402
  face  3: -0.000000000150 -0.000000001553 +0.000000002918 -0.000000000022 -0.000000001192
  face  4: +0.081025168019 +0.010202741813 -0.198277119402 +0.001514605616 +0.105534603954
  face  5: +0.000000001553 -0.000000002918 +0.000000000150 +0.000000000022 +0.000000001192
  face  6: -0.081025168019 -0.010202741813 -0.105534603954 +0.198277119402 -0.001514605616
  face  7: -0.000000001553 +0.000000002918 -0.000000000022 -0.000000001192 -0.000000000150
  face  8: -0.198277119402 +0.001514605616 +0.081025168019 +0.010202741813 +0.105534603954
  face  9: +0.000000001553 -0.000000002918 +0.000000000022 +0.000000001192 +0.000000000150
  face 10: -0.001514605616 -0.081025168019 +0.198277119402 -0.105534603954 -0.010202741813
  face 11: +0.000000002918 -0.000000000022 -0.000000001192 -0.000000001553 -0.000000000150

PHASE 07 theta=3.665191429
--------------------------------------------------------------------------------
slot means / stddev:
  slot 0: mean=-0.010446564631 std=0.079534502303
  slot 1: mean=-0.008204077996 std=0.062327643138
  slot 2: mean=-0.006479654191 std=0.098112278445
  slot 3: mean=-0.003313404319 std=0.066025190438
  slot 4: mean=+0.028443701138 std=0.057681494843
per-face residuals by slot:
  face  0: +0.070169853254 +0.091395647226 -0.171713020932 +0.008835833523 +0.001311686929
  face  1: -0.099138562228 +0.040512585042 +0.052767303322 +0.005101371036 +0.000757302828
  face  2: -0.070169853254 -0.008835833523 -0.001311686929 -0.091395647226 +0.171713020932
  face  3: -0.005101371036 -0.052767303322 +0.099138562228 -0.000757302828 -0.040512585042
  face  4: +0.070169853254 +0.008835833523 -0.171713020932 +0.001311686929 +0.091395647226
  face  5: +0.052767303322 -0.099138562228 +0.005101371036 +0.000757302828 +0.040512585042
  face  6: -0.070169853254 -0.008835833523 -0.091395647226 +0.171713020932 -0.001311686929
  face  7: -0.052767303322 +0.099138562228 -0.000757302828 -0.040512585042 -0.005101371036
  face  8: -0.171713020932 +0.001311686929 +0.070169853254 +0.008835833523 +0.091395647226
  face  9: +0.052767303322 -0.099138562228 +0.000757302828 +0.040512585042 +0.005101371036
  face 10: -0.001311686929 -0.070169853254 +0.171713020932 -0.091395647226 -0.008835833523
  face 11: +0.099138562228 -0.000757302828 -0.040512585042 -0.052767303322 -0.005101371036

PHASE 08 theta=4.188790205
--------------------------------------------------------------------------------
slot means / stddev:
  slot 0: mean=-0.001444670405 std=0.091504713265
  slot 1: mean=-0.015528321289 std=0.092801553058
  slot 2: mean=+0.007468672853 std=0.079627291814
  slot 3: mean=-0.006499651238 std=0.052619071317
  slot 4: mean=+0.016003970078 std=0.043238128611
per-face residuals by slot:
  face  0: +0.040512582977 +0.052767300632 -0.099138557174 +0.005101370776 +0.000757302789
  face  1: -0.171713023850 +0.070169854447 +0.091395648779 +0.008835833673 +0.001311686952
  face  2: -0.040512582977 -0.005101370776 -0.000757302789 -0.052767300632 +0.099138557174
  face  3: -0.008835833673 -0.091395648779 +0.171713023850 -0.001311686952 -0.070169854447
  face  4: +0.040512582977 +0.005101370776 -0.099138557174 +0.000757302789 +0.052767300632
  face  5: +0.091395648779 -0.171713023850 +0.008835833673 +0.001311686952 +0.070169854447
  face  6: -0.040512582977 -0.005101370776 -0.052767300632 +0.099138557174 -0.000757302789
  face  7: -0.091395648779 +0.171713023850 -0.001311686952 -0.070169854447 -0.008835833673
  face  8: -0.099138557174 +0.000757302789 +0.040512582977 +0.005101370776 +0.052767300632
  face  9: +0.091395648779 -0.171713023850 +0.001311686952 +0.070169854447 +0.008835833673
  face 10: -0.000757302789 -0.040512582977 +0.099138557174 -0.052767300632 -0.005101370776
  face 11: +0.171713023850 -0.001311686952 -0.070169854447 -0.091395648779 -0.008835833673

PHASE 09 theta=4.712388980
--------------------------------------------------------------------------------
slot means / stddev:
  slot 0: mean=+0.007944322090 std=0.096344451038
  slot 1: mean=-0.018691763432 std=0.104663663110
  slot 2: mean=+0.019415775038 std=0.066207667431
  slot 3: mean=-0.007944321856 std=0.044365006237
  slot 4: mean=-0.000724011839 std=0.033464467772
per-face residuals by slot:
  face  0: -0.000000001192 -0.000000001553 +0.000000002918 -0.000000000150 -0.000000000022
  face  1: -0.198277119402 +0.081025168019 +0.105534603954 +0.010202741813 +0.001514605616
  face  2: +0.000000001192 +0.000000000150 +0.000000000022 +0.000000001553 -0.000000002918
  face  3: -0.010202741813 -0.105534603954 +0.198277119402 -0.001514605616 -0.081025168019
  face  4: -0.000000001192 -0.000000000150 +0.000000002918 -0.000000000022 -0.000000001553
  face  5: +0.105534603954 -0.198277119402 +0.010202741813 +0.001514605616 +0.081025168019
  face  6: +0.000000001192 +0.000000000150 +0.000000001553 -0.000000002918 +0.000000000022
  face  7: -0.105534603954 +0.198277119402 -0.001514605616 -0.081025168019 -0.010202741813
  face  8: +0.000000002918 -0.000000000022 -0.000000001192 -0.000000000150 -0.000000001553
  face  9: +0.105534603954 -0.198277119402 +0.001514605616 +0.081025168019 +0.010202741813
  face 10: +0.000000000022 +0.000000001192 -0.000000002918 +0.000000001553 +0.000000000150
  face 11: +0.198277119402 -0.001514605616 -0.081025168019 -0.105534603954 -0.010202741813

PHASE 10 theta=5.235987756
--------------------------------------------------------------------------------
slot means / stddev:
  slot 0: mean=+0.015204639897 std=0.090244215598
  slot 1: mean=-0.016846762659 std=0.092571287936
  slot 2: mean=+0.026160435980 std=0.075577234879
  slot 3: mean=-0.007260317849 std=0.052519520149
  slot 4: mean=-0.017257995369 std=0.042753064479
per-face residuals by slot:
  face  0: -0.040512585042 -0.052767303322 +0.099138562228 -0.005101371036 -0.000757302828
  face  1: -0.171713020932 +0.070169853254 +0.091395647226 +0.008835833523 +0.001311686929
  face  2: +0.040512585042 +0.005101371036 +0.000757302828 +0.052767303322 -0.099138562228
  face  3: -0.008835833523 -0.091395647226 +0.171713020932 -0.001311686929 -0.070169853254
  face  4: -0.040512585042 -0.005101371036 +0.099138562228 -0.000757302828 -0.052767303322
  face  5: +0.091395647226 -0.171713020932 +0.008835833523 +0.001311686929 +0.070169853254
  face  6: +0.040512585042 +0.005101371036 +0.052767303322 -0.099138562228 +0.000757302828
  face  7: -0.091395647226 +0.171713020932 -0.001311686929 -0.070169853254 -0.008835833523
  face  8: +0.099138562228 -0.000757302828 -0.040512585042 -0.005101371036 -0.052767303322
  face  9: +0.091395647226 -0.171713020932 +0.001311686929 +0.070169853254 +0.008835833523
  face 10: +0.000757302828 +0.040512585042 -0.099138562228 +0.052767303322 +0.005101371036
  face 11: +0.171713020932 -0.001311686929 -0.070169853254 -0.091395647226 -0.008835833523

PHASE 11 theta=5.759586532
--------------------------------------------------------------------------------
slot means / stddev:
  slot 0: mean=+0.018390886721 std=0.078081002529
  slot 1: mean=-0.010487685436 std=0.061984273806
  slot 2: mean=+0.025895429228 std=0.094854794355
  slot 3: mean=-0.004630917537 std=0.065945880105
  slot 4: mean=-0.029167712977 std=0.057318789275
per-face residuals by slot:
  face  0: -0.070169854447 -0.091395648779 +0.171713023850 -0.008835833673 -0.001311686952
  face  1: -0.099138557174 +0.040512582977 +0.052767300632 +0.005101370776 +0.000757302789
  face  2: +0.070169854447 +0.008835833673 +0.001311686952 +0.091395648779 -0.171713023850
  face  3: -0.005101370776 -0.052767300632 +0.099138557174 -0.000757302789 -0.040512582977
  face  4: -0.070169854447 -0.008835833673 +0.171713023850 -0.001311686952 -0.091395648779
  face  5: +0.052767300632 -0.099138557174 +0.005101370776 +0.000757302789 +0.040512582977
  face  6: +0.070169854447 +0.008835833673 +0.091395648779 -0.171713023850 +0.001311686952
  face  7: -0.052767300632 +0.099138557174 -0.000757302789 -0.040512582977 -0.005101370776
  face  8: +0.171713023850 -0.001311686952 -0.070169854447 -0.008835833673 -0.091395648779
  face  9: +0.052767300632 -0.099138557174 +0.000757302789 +0.040512582977 +0.005101370776
  face 10: +0.001311686952 +0.070169854447 -0.171713023850 +0.091395648779 +0.008835833673
  face 11: +0.099138557174 -0.000757302789 -0.040512582977 -0.052767300632 -0.005101370776

PROFILE COMPARISON
--------------------------------------------------------------------------------
phase 00: slot-profile correlation with phase 00 = 1.000000000000
phase 01: slot-profile correlation with phase 00 = 0.914647952075
phase 02: slot-profile correlation with phase 00 = 0.384387285355
phase 03: slot-profile correlation with phase 00 = -0.452003540166
phase 04: slot-profile correlation with phase 00 = -0.819467031589
phase 05: slot-profile correlation with phase 00 = -0.956433500177
phase 06: slot-profile correlation with phase 00 = -1.000000000000
phase 07: slot-profile correlation with phase 00 = -0.914647952075
phase 08: slot-profile correlation with phase 00 = -0.384387285355
phase 09: slot-profile correlation with phase 00 = 0.452003540166
phase 10: slot-profile correlation with phase 00 = 0.819467031589
phase 11: slot-profile correlation with phase 00 = 0.956433500177
