================================================================================
THALION RESIDUAL CLASS INVARIANCE
================================================================================
internal vertices: 60
internal edges:    120
lambda_1:          2.821023449
first block:       [1, 2]

PHASE 00 theta=0.000000000
--------------------------------------------------------------------------------
class C0: within-class RMS spread = 0.198274267470
  mean slot vector: +0.012075594455 -0.039083983794 +0.105176356928 -0.007306696414 -0.070861271175
  face  0: -0.081025168019 -0.105534603954 +0.198277119402 -0.010202741813 -0.001514605616
  face  4: -0.081025168019 -0.010202741813 +0.198277119402 -0.001514605616 -0.105534603954
  face  8: +0.198277119402 -0.001514605616 -0.081025168019 -0.010202741813 -0.105534603954

class C1: within-class RMS spread = 0.000000003038
  mean slot vector: -0.000000000063 +0.000000001548 -0.000000000575 -0.000000000455 -0.000000000455
  face  1: +0.000000002918 -0.000000001192 -0.000000001553 -0.000000000150 -0.000000000022
  face  5: -0.000000001553 +0.000000002918 -0.000000000150 -0.000000000022 -0.000000001192
  face  9: -0.000000001553 +0.000000002918 -0.000000000022 -0.000000001192 -0.000000000150

class C2: within-class RMS spread = 0.219538188019
  mean slot vector: +0.054521647218 +0.033810217215 -0.030409303277 +0.004264029502 -0.062186590658
  face  2: +0.081025168019 +0.010202741813 +0.001514605616 +0.105534603954 -0.198277119402
  face  6: +0.081025168019 +0.010202741813 +0.105534603954 -0.198277119402 +0.001514605616
  face 10: +0.001514605616 +0.081025168019 -0.198277119402 +0.105534603954 +0.010202741813

class C3: within-class RMS spread = 0.000000003254
  mean slot vector: -0.000000000405 -0.000000000448 -0.000000000568 +0.000000000923 +0.000000000498
  face  3: +0.000000000150 +0.000000001553 -0.000000002918 +0.000000000022 +0.000000001192
  face  7: +0.000000001553 -0.000000002918 +0.000000000022 +0.000000001192 +0.000000000150
  face 11: -0.000000002918 +0.000000000022 +0.000000001192 +0.000000001553 +0.000000000150

class-mean correlations
  corr(C0, C1) = -0.364188892708
  corr(C0, C2) = 0.040772101248
  corr(C0, C3) = -0.499739582172
  corr(C1, C2) = 0.553644896493
  corr(C1, C3) = -0.416489674469
  corr(C2, C3) = -0.371921168208

PHASE 01 theta=0.523598776
--------------------------------------------------------------------------------
class C0: within-class RMS spread = 0.171710551087
  mean slot vector: +0.010457771475 -0.033847722559 +0.091085396203 -0.006327784658 -0.061367660460
  face  0: -0.070169853254 -0.091395647226 +0.171713020932 -0.008835833523 -0.001311686929
  face  4: -0.070169853254 -0.008835833523 +0.171713020932 -0.001311686929 -0.091395647226
  face  8: +0.171713020932 -0.001311686929 -0.070169853254 -0.008835833523 -0.091395647226

class C1: within-class RMS spread = 0.103203271355
  mean slot vector: -0.002132014805 +0.052588179805 -0.019541992395 -0.015457086302 -0.015457086302
  face  1: +0.099138562228 -0.040512585042 -0.052767303322 -0.005101371036 -0.000757302828
  face  5: -0.052767303322 +0.099138562228 -0.005101371036 -0.000757302828 -0.040512585042
  face  9: -0.052767303322 +0.099138562228 -0.000757302828 -0.040512585042 -0.005101371036

class C2: within-class RMS spread = 0.190125646310
  mean slot vector: +0.047217131146 +0.029280506767 -0.026335228926 +0.003692757840 -0.053855166827
  face  2: +0.070169853254 +0.008835833523 +0.001311686929 +0.091395647226 -0.171713020932
  face  6: +0.070169853254 +0.008835833523 +0.091395647226 -0.171713020932 +0.001311686929
  face 10: +0.001311686929 +0.070169853254 -0.171713020932 +0.091395647226 +0.008835833523

class C3: within-class RMS spread = 0.110543471044
  mean slot vector: -0.013756629290 -0.015204652026 -0.019289558119 +0.031345730397 +0.016905109038
  face  3: +0.005101371036 +0.052767303322 -0.099138562228 +0.000757302828 +0.040512585042
  face  7: +0.052767303322 -0.099138562228 +0.000757302828 +0.040512585042 +0.005101371036
  face 11: -0.099138562228 +0.000757302828 +0.040512585042 +0.052767303322 +0.005101371036

class-mean correlations
  corr(C0, C1) = -0.364189155335
  corr(C0, C2) = 0.040772101248
  corr(C0, C3) = -0.499739826741
  corr(C1, C2) = 0.553645061168
  corr(C1, C3) = -0.416489331110
  corr(C2, C3) = -0.371920853565

PHASE 02 theta=1.047197551
--------------------------------------------------------------------------------
class C0: within-class RMS spread = 0.099137131208
  mean slot vector: +0.006037797073 -0.019541991399 +0.052588177124 -0.003653348114 -0.035430634684
  face  0: -0.040512582977 -0.052767300632 +0.099138557174 -0.005101370776 -0.000757302789
  face  4: -0.040512582977 -0.005101370776 +0.099138557174 -0.000757302789 -0.052767300632
  face  8: +0.099138557174 -0.000757302789 -0.040512582977 -0.005101370776 -0.052767300632

class C1: within-class RMS spread = 0.178753306457
  mean slot vector: -0.003692757903 +0.091085397751 -0.033847723135 -0.026772458357 -0.026772458357
  face  1: +0.171713023850 -0.070169854447 -0.091395648779 -0.008835833673 -0.001311686952
  face  5: -0.091395648779 +0.171713023850 -0.008835833673 -0.001311686952 -0.070169854447
  face  9: -0.091395648779 +0.171713023850 -0.001311686952 -0.070169854447 -0.008835833673

class C2: within-class RMS spread = 0.109769091211
  mean slot vector: +0.027260822914 +0.016905108176 -0.015204651251 +0.002132014697 -0.031093294536
  face  2: +0.040512582977 +0.005101370776 +0.000757302789 +0.052767300632 -0.099138557174
  face  6: +0.040512582977 +0.005101370776 +0.052767300632 -0.099138557174 +0.000757302789
  face 10: +0.000757302789 +0.040512582977 -0.099138557174 +0.052767300632 +0.005101370776

class C3: within-class RMS spread = 0.191466905040
  mean slot vector: -0.023827180466 -0.026335229373 -0.033410494151 +0.054292396726 +0.029280507264
  face  3: +0.008835833673 +0.091395648779 -0.171713023850 +0.001311686952 +0.070169854447
  face  7: +0.091395648779 -0.171713023850 +0.001311686952 +0.070169854447 +0.008835833673
  face 11: -0.171713023850 +0.001311686952 +0.070169854447 +0.091395648779 +0.008835833673

class-mean correlations
  corr(C0, C1) = -0.364189155335
  corr(C0, C2) = 0.040772101248
  corr(C0, C3) = -0.499739826741
  corr(C1, C2) = 0.553645061168
  corr(C1, C3) = -0.416489331110
  corr(C2, C3) = -0.371920853565

PHASE 03 theta=1.570796327
--------------------------------------------------------------------------------
class C0: within-class RMS spread = 0.000000002918
  mean slot vector: -0.000000000178 +0.000000000575 -0.000000001548 +0.000000000108 +0.000000001043
  face  0: +0.000000001192 +0.000000001553 -0.000000002918 +0.000000000150 +0.000000000022
  face  4: +0.000000001192 +0.000000000150 -0.000000002918 +0.000000000022 +0.000000001553
  face  8: -0.000000002918 +0.000000000022 +0.000000001192 +0.000000000150 +0.000000001553

class C1: within-class RMS spread = 0.206406537449
  mean slot vector: -0.004264029502 +0.105176356928 -0.039083983794 -0.030914171816 -0.030914171816
  face  1: +0.198277119402 -0.081025168019 -0.105534603954 -0.010202741813 -0.001514605616
  face  5: -0.105534603954 +0.198277119402 -0.010202741813 -0.001514605616 -0.081025168019
  face  9: -0.105534603954 +0.198277119402 -0.001514605616 -0.081025168019 -0.010202741813

class C2: within-class RMS spread = 0.000000003231
  mean slot vector: -0.000000000802 -0.000000000498 +0.000000000448 -0.000000000063 +0.000000000915
  face  2: -0.000000001192 -0.000000000150 -0.000000000022 -0.000000001553 +0.000000002918
  face  6: -0.000000001192 -0.000000000150 -0.000000001553 +0.000000002918 -0.000000000022
  face 10: -0.000000000022 -0.000000001192 +0.000000002918 -0.000000001553 -0.000000000150

class C3: within-class RMS spread = 0.221086936453
  mean slot vector: -0.027513257878 -0.030409303277 -0.038579115256 +0.062691459196 +0.033810217215
  face  3: +0.010202741813 +0.105534603954 -0.198277119402 +0.001514605616 +0.081025168019
  face  7: +0.105534603954 -0.198277119402 +0.001514605616 +0.081025168019 +0.010202741813
  face 11: -0.198277119402 +0.001514605616 +0.081025168019 +0.105534603954 +0.010202741813

class-mean correlations
  corr(C0, C1) = 0.364189326886
  corr(C0, C2) = 0.040771684967
  corr(C0, C3) = 0.499739666244
  corr(C1, C2) = -0.553645271756
  corr(C1, C3) = -0.416489331110
  corr(C2, C3) = 0.371920864035

PHASE 04 theta=2.094395102
--------------------------------------------------------------------------------
class C0: within-class RMS spread = 0.099137136262
  mean slot vector: -0.006037797381 +0.019541992395 -0.052588179805 +0.003653348300 +0.035430636491
  face  0: +0.040512585042 +0.052767303322 -0.099138562228 +0.005101371036 +0.000757302828
  face  4: +0.040512585042 +0.005101371036 -0.099138562228 +0.000757302828 +0.052767303322
  face  8: -0.099138562228 +0.000757302828 +0.040512585042 +0.005101371036 +0.052767303322

class C1: within-class RMS spread = 0.178753303419
  mean slot vector: -0.003692757840 +0.091085396203 -0.033847722559 -0.026772457902 -0.026772457902
  face  1: +0.171713020932 -0.070169853254 -0.091395647226 -0.008835833523 -0.001311686929
  face  5: -0.091395647226 +0.171713020932 -0.008835833523 -0.001311686929 -0.070169853254
  face  9: -0.091395647226 +0.171713020932 -0.001311686929 -0.070169853254 -0.008835833523

class C2: within-class RMS spread = 0.109769096808
  mean slot vector: -0.027260824304 -0.016905109038 +0.015204652026 -0.002132014805 +0.031093296121
  face  2: -0.040512585042 -0.005101371036 -0.000757302828 -0.052767303322 +0.099138562228
  face  6: -0.040512585042 -0.005101371036 -0.052767303322 +0.099138562228 -0.000757302828
  face 10: -0.000757302828 -0.040512585042 +0.099138562228 -0.052767303322 -0.005101371036

class C3: within-class RMS spread = 0.191466901786
  mean slot vector: -0.023827180061 -0.026335228926 -0.033410493583 +0.054292395803 +0.029280506767
  face  3: +0.008835833523 +0.091395647226 -0.171713020932 +0.001311686929 +0.070169853254
  face  7: +0.091395647226 -0.171713020932 +0.001311686929 +0.070169853254 +0.008835833523
  face 11: -0.171713020932 +0.001311686929 +0.070169853254 +0.091395647226 +0.008835833523

class-mean correlations
  corr(C0, C1) = 0.364189155335
  corr(C0, C2) = 0.040772101248
  corr(C0, C3) = 0.499739826741
  corr(C1, C2) = -0.553645061168
  corr(C1, C3) = -0.416489331110
  corr(C2, C3) = 0.371920853565

PHASE 05 theta=2.617993878
--------------------------------------------------------------------------------
class C0: within-class RMS spread = 0.171710554005
  mean slot vector: -0.010457771652 +0.033847723135 -0.091085397751 +0.006327784766 +0.061367661503
  face  0: +0.070169854447 +0.091395648779 -0.171713023850 +0.008835833673 +0.001311686952
  face  4: +0.070169854447 +0.008835833673 -0.171713023850 +0.001311686952 +0.091395648779
  face  8: -0.171713023850 +0.001311686952 +0.070169854447 +0.008835833673 +0.091395648779

class C1: within-class RMS spread = 0.103203266094
  mean slot vector: -0.002132014697 +0.052588177124 -0.019541991399 -0.015457085514 -0.015457085514
  face  1: +0.099138557174 -0.040512582977 -0.052767300632 -0.005101370776 -0.000757302789
  face  5: -0.052767300632 +0.099138557174 -0.005101370776 -0.000757302789 -0.040512582977
  face  9: -0.052767300632 +0.099138557174 -0.000757302789 -0.040512582977 -0.005101370776

class C2: within-class RMS spread = 0.190125649541
  mean slot vector: -0.047217131948 -0.029280507264 +0.026335229373 -0.003692757903 +0.053855167742
  face  2: -0.070169854447 -0.008835833673 -0.001311686952 -0.091395648779 +0.171713023850
  face  6: -0.070169854447 -0.008835833673 -0.091395648779 +0.171713023850 -0.001311686952
  face 10: -0.001311686952 -0.070169854447 +0.171713023850 -0.091395648779 -0.008835833673

class C3: within-class RMS spread = 0.110543465409
  mean slot vector: -0.013756628589 -0.015204651251 -0.019289557136 +0.031345728799 +0.016905108176
  face  3: +0.005101370776 +0.052767300632 -0.099138557174 +0.000757302789 +0.040512582977
  face  7: +0.052767300632 -0.099138557174 +0.000757302789 +0.040512582977 +0.005101370776
  face 11: -0.099138557174 +0.000757302789 +0.040512582977 +0.052767300632 +0.005101370776

class-mean correlations
  corr(C0, C1) = 0.364189155335
  corr(C0, C2) = 0.040772101248
  corr(C0, C3) = 0.499739826741
  corr(C1, C2) = -0.553645061168
  corr(C1, C3) = -0.416489331110
  corr(C2, C3) = 0.371920853565

PHASE 06 theta=3.141592654
--------------------------------------------------------------------------------
class C0: within-class RMS spread = 0.198274267470
  mean slot vector: -0.012075594455 +0.039083983794 -0.105176356928 +0.007306696414 +0.070861271175
  face  0: +0.081025168019 +0.105534603954 -0.198277119402 +0.010202741813 +0.001514605616
  face  4: +0.081025168019 +0.010202741813 -0.198277119402 +0.001514605616 +0.105534603954
  face  8: -0.198277119402 +0.001514605616 +0.081025168019 +0.010202741813 +0.105534603954

class C1: within-class RMS spread = 0.000000003038
  mean slot vector: +0.000000000063 -0.000000001548 +0.000000000575 +0.000000000455 +0.000000000455
  face  1: -0.000000002918 +0.000000001192 +0.000000001553 +0.000000000150 +0.000000000022
  face  5: +0.000000001553 -0.000000002918 +0.000000000150 +0.000000000022 +0.000000001192
  face  9: +0.000000001553 -0.000000002918 +0.000000000022 +0.000000001192 +0.000000000150

class C2: within-class RMS spread = 0.219538188019
  mean slot vector: -0.054521647218 -0.033810217215 +0.030409303277 -0.004264029502 +0.062186590658
  face  2: -0.081025168019 -0.010202741813 -0.001514605616 -0.105534603954 +0.198277119402
  face  6: -0.081025168019 -0.010202741813 -0.105534603954 +0.198277119402 -0.001514605616
  face 10: -0.001514605616 -0.081025168019 +0.198277119402 -0.105534603954 -0.010202741813

class C3: within-class RMS spread = 0.000000003254
  mean slot vector: +0.000000000405 +0.000000000448 +0.000000000568 -0.000000000923 -0.000000000498
  face  3: -0.000000000150 -0.000000001553 +0.000000002918 -0.000000000022 -0.000000001192
  face  7: -0.000000001553 +0.000000002918 -0.000000000022 -0.000000001192 -0.000000000150
  face 11: +0.000000002918 -0.000000000022 -0.000000001192 -0.000000001553 -0.000000000150

class-mean correlations
  corr(C0, C1) = -0.364188892708
  corr(C0, C2) = 0.040772101248
  corr(C0, C3) = -0.499739582172
  corr(C1, C2) = 0.553644896493
  corr(C1, C3) = -0.416489674469
  corr(C2, C3) = -0.371921168208

PHASE 07 theta=3.665191429
--------------------------------------------------------------------------------
class C0: within-class RMS spread = 0.171710551087
  mean slot vector: -0.010457771475 +0.033847722559 -0.091085396203 +0.006327784658 +0.061367660460
  face  0: +0.070169853254 +0.091395647226 -0.171713020932 +0.008835833523 +0.001311686929
  face  4: +0.070169853254 +0.008835833523 -0.171713020932 +0.001311686929 +0.091395647226
  face  8: -0.171713020932 +0.001311686929 +0.070169853254 +0.008835833523 +0.091395647226

class C1: within-class RMS spread = 0.103203271355
  mean slot vector: +0.002132014805 -0.052588179805 +0.019541992395 +0.015457086302 +0.015457086302
  face  1: -0.099138562228 +0.040512585042 +0.052767303322 +0.005101371036 +0.000757302828
  face  5: +0.052767303322 -0.099138562228 +0.005101371036 +0.000757302828 +0.040512585042
  face  9: +0.052767303322 -0.099138562228 +0.000757302828 +0.040512585042 +0.005101371036

class C2: within-class RMS spread = 0.190125646310
  mean slot vector: -0.047217131146 -0.029280506767 +0.026335228926 -0.003692757840 +0.053855166827
  face  2: -0.070169853254 -0.008835833523 -0.001311686929 -0.091395647226 +0.171713020932
  face  6: -0.070169853254 -0.008835833523 -0.091395647226 +0.171713020932 -0.001311686929
  face 10: -0.001311686929 -0.070169853254 +0.171713020932 -0.091395647226 -0.008835833523

class C3: within-class RMS spread = 0.110543471044
  mean slot vector: +0.013756629290 +0.015204652026 +0.019289558119 -0.031345730397 -0.016905109038
  face  3: -0.005101371036 -0.052767303322 +0.099138562228 -0.000757302828 -0.040512585042
  face  7: -0.052767303322 +0.099138562228 -0.000757302828 -0.040512585042 -0.005101371036
  face 11: +0.099138562228 -0.000757302828 -0.040512585042 -0.052767303322 -0.005101371036

class-mean correlations
  corr(C0, C1) = -0.364189155335
  corr(C0, C2) = 0.040772101248
  corr(C0, C3) = -0.499739826741
  corr(C1, C2) = 0.553645061168
  corr(C1, C3) = -0.416489331110
  corr(C2, C3) = -0.371920853565

PHASE 08 theta=4.188790205
--------------------------------------------------------------------------------
class C0: within-class RMS spread = 0.099137131208
  mean slot vector: -0.006037797073 +0.019541991399 -0.052588177124 +0.003653348114 +0.035430634684
  face  0: +0.040512582977 +0.052767300632 -0.099138557174 +0.005101370776 +0.000757302789
  face  4: +0.040512582977 +0.005101370776 -0.099138557174 +0.000757302789 +0.052767300632
  face  8: -0.099138557174 +0.000757302789 +0.040512582977 +0.005101370776 +0.052767300632

class C1: within-class RMS spread = 0.178753306457
  mean slot vector: +0.003692757903 -0.091085397751 +0.033847723135 +0.026772458357 +0.026772458357
  face  1: -0.171713023850 +0.070169854447 +0.091395648779 +0.008835833673 +0.001311686952
  face  5: +0.091395648779 -0.171713023850 +0.008835833673 +0.001311686952 +0.070169854447
  face  9: +0.091395648779 -0.171713023850 +0.001311686952 +0.070169854447 +0.008835833673

class C2: within-class RMS spread = 0.109769091211
  mean slot vector: -0.027260822914 -0.016905108176 +0.015204651251 -0.002132014697 +0.031093294536
  face  2: -0.040512582977 -0.005101370776 -0.000757302789 -0.052767300632 +0.099138557174
  face  6: -0.040512582977 -0.005101370776 -0.052767300632 +0.099138557174 -0.000757302789
  face 10: -0.000757302789 -0.040512582977 +0.099138557174 -0.052767300632 -0.005101370776

class C3: within-class RMS spread = 0.191466905040
  mean slot vector: +0.023827180466 +0.026335229373 +0.033410494151 -0.054292396726 -0.029280507264
  face  3: -0.008835833673 -0.091395648779 +0.171713023850 -0.001311686952 -0.070169854447
  face  7: -0.091395648779 +0.171713023850 -0.001311686952 -0.070169854447 -0.008835833673
  face 11: +0.171713023850 -0.001311686952 -0.070169854447 -0.091395648779 -0.008835833673

class-mean correlations
  corr(C0, C1) = -0.364189155335
  corr(C0, C2) = 0.040772101248
  corr(C0, C3) = -0.499739826741
  corr(C1, C2) = 0.553645061168
  corr(C1, C3) = -0.416489331110
  corr(C2, C3) = -0.371920853565

PHASE 09 theta=4.712388980
--------------------------------------------------------------------------------
class C0: within-class RMS spread = 0.000000002918
  mean slot vector: +0.000000000178 -0.000000000575 +0.000000001548 -0.000000000108 -0.000000001043
  face  0: -0.000000001192 -0.000000001553 +0.000000002918 -0.000000000150 -0.000000000022
  face  4: -0.000000001192 -0.000000000150 +0.000000002918 -0.000000000022 -0.000000001553
  face  8: +0.000000002918 -0.000000000022 -0.000000001192 -0.000000000150 -0.000000001553

class C1: within-class RMS spread = 0.206406537449
  mean slot vector: +0.004264029502 -0.105176356928 +0.039083983794 +0.030914171816 +0.030914171816
  face  1: -0.198277119402 +0.081025168019 +0.105534603954 +0.010202741813 +0.001514605616
  face  5: +0.105534603954 -0.198277119402 +0.010202741813 +0.001514605616 +0.081025168019
  face  9: +0.105534603954 -0.198277119402 +0.001514605616 +0.081025168019 +0.010202741813

class C2: within-class RMS spread = 0.000000003231
  mean slot vector: +0.000000000802 +0.000000000498 -0.000000000448 +0.000000000063 -0.000000000915
  face  2: +0.000000001192 +0.000000000150 +0.000000000022 +0.000000001553 -0.000000002918
  face  6: +0.000000001192 +0.000000000150 +0.000000001553 -0.000000002918 +0.000000000022
  face 10: +0.000000000022 +0.000000001192 -0.000000002918 +0.000000001553 +0.000000000150

class C3: within-class RMS spread = 0.221086936453
  mean slot vector: +0.027513257878 +0.030409303277 +0.038579115256 -0.062691459196 -0.033810217215
  face  3: -0.010202741813 -0.105534603954 +0.198277119402 -0.001514605616 -0.081025168019
  face  7: -0.105534603954 +0.198277119402 -0.001514605616 -0.081025168019 -0.010202741813
  face 11: +0.198277119402 -0.001514605616 -0.081025168019 -0.105534603954 -0.010202741813

class-mean correlations
  corr(C0, C1) = 0.364189326886
  corr(C0, C2) = 0.040771684967
  corr(C0, C3) = 0.499739666244
  corr(C1, C2) = -0.553645271756
  corr(C1, C3) = -0.416489331110
  corr(C2, C3) = 0.371920864035

PHASE 10 theta=5.235987756
--------------------------------------------------------------------------------
class C0: within-class RMS spread = 0.099137136262
  mean slot vector: +0.006037797381 -0.019541992395 +0.052588179805 -0.003653348300 -0.035430636491
  face  0: -0.040512585042 -0.052767303322 +0.099138562228 -0.005101371036 -0.000757302828
  face  4: -0.040512585042 -0.005101371036 +0.099138562228 -0.000757302828 -0.052767303322
  face  8: +0.099138562228 -0.000757302828 -0.040512585042 -0.005101371036 -0.052767303322

class C1: within-class RMS spread = 0.178753303419
  mean slot vector: +0.003692757840 -0.091085396203 +0.033847722559 +0.026772457902 +0.026772457902
  face  1: -0.171713020932 +0.070169853254 +0.091395647226 +0.008835833523 +0.001311686929
  face  5: +0.091395647226 -0.171713020932 +0.008835833523 +0.001311686929 +0.070169853254
  face  9: +0.091395647226 -0.171713020932 +0.001311686929 +0.070169853254 +0.008835833523

class C2: within-class RMS spread = 0.109769096808
  mean slot vector: +0.027260824304 +0.016905109038 -0.015204652026 +0.002132014805 -0.031093296121
  face  2: +0.040512585042 +0.005101371036 +0.000757302828 +0.052767303322 -0.099138562228
  face  6: +0.040512585042 +0.005101371036 +0.052767303322 -0.099138562228 +0.000757302828
  face 10: +0.000757302828 +0.040512585042 -0.099138562228 +0.052767303322 +0.005101371036

class C3: within-class RMS spread = 0.191466901786
  mean slot vector: +0.023827180061 +0.026335228926 +0.033410493583 -0.054292395803 -0.029280506767
  face  3: -0.008835833523 -0.091395647226 +0.171713020932 -0.001311686929 -0.070169853254
  face  7: -0.091395647226 +0.171713020932 -0.001311686929 -0.070169853254 -0.008835833523
  face 11: +0.171713020932 -0.001311686929 -0.070169853254 -0.091395647226 -0.008835833523

class-mean correlations
  corr(C0, C1) = 0.364189155335
  corr(C0, C2) = 0.040772101248
  corr(C0, C3) = 0.499739826741
  corr(C1, C2) = -0.553645061168
  corr(C1, C3) = -0.416489331110
  corr(C2, C3) = 0.371920853565

PHASE 11 theta=5.759586532
--------------------------------------------------------------------------------
class C0: within-class RMS spread = 0.171710554005
  mean slot vector: +0.010457771652 -0.033847723135 +0.091085397751 -0.006327784766 -0.061367661503
  face  0: -0.070169854447 -0.091395648779 +0.171713023850 -0.008835833673 -0.001311686952
  face  4: -0.070169854447 -0.008835833673 +0.171713023850 -0.001311686952 -0.091395648779
  face  8: +0.171713023850 -0.001311686952 -0.070169854447 -0.008835833673 -0.091395648779

class C1: within-class RMS spread = 0.103203266094
  mean slot vector: +0.002132014697 -0.052588177124 +0.019541991399 +0.015457085514 +0.015457085514
  face  1: -0.099138557174 +0.040512582977 +0.052767300632 +0.005101370776 +0.000757302789
  face  5: +0.052767300632 -0.099138557174 +0.005101370776 +0.000757302789 +0.040512582977
  face  9: +0.052767300632 -0.099138557174 +0.000757302789 +0.040512582977 +0.005101370776

class C2: within-class RMS spread = 0.190125649541
  mean slot vector: +0.047217131948 +0.029280507264 -0.026335229373 +0.003692757903 -0.053855167742
  face  2: +0.070169854447 +0.008835833673 +0.001311686952 +0.091395648779 -0.171713023850
  face  6: +0.070169854447 +0.008835833673 +0.091395648779 -0.171713023850 +0.001311686952
  face 10: +0.001311686952 +0.070169854447 -0.171713023850 +0.091395648779 +0.008835833673

class C3: within-class RMS spread = 0.110543465409
  mean slot vector: +0.013756628589 +0.015204651251 +0.019289557136 -0.031345728799 -0.016905108176
  face  3: -0.005101370776 -0.052767300632 +0.099138557174 -0.000757302789 -0.040512582977
  face  7: -0.052767300632 +0.099138557174 -0.000757302789 -0.040512582977 -0.005101370776
  face 11: +0.099138557174 -0.000757302789 -0.040512582977 -0.052767300632 -0.005101370776

class-mean correlations
  corr(C0, C1) = 0.364189155335
  corr(C0, C2) = 0.040772101248
  corr(C0, C3) = 0.499739826741
  corr(C1, C2) = -0.553645061168
  corr(C1, C3) = -0.416489331110
  corr(C2, C3) = 0.371920853565

